160;609
160,121;657
160,121,82;679
160,121,82,107;696
160,121,82,107,86;693
160,121,82,107,86,62;743
160,121,82,107,86,62,13;708
160,121,82,107,86,62,13,434;721
160,121,82,107,86,62,13,434,183;667
160,121,82,107,86,62,13,434,183,249;663
160,121,82,107,86,62,13,434,183,249,5;724
160,121,82,107,86,62,13,434,183,249,5,377;694
160,121,82,107,86,62,13,434,183,249,5,377,211;719
160,121,82,107,86,62,13,434,183,249,5,377,211,129;731
160,121,82,107,86,62,13,434,183,249,5,377,211,129,21;673
160,121,82,107,86,62,13,434,183,249,5,377,211,129,21,84;689
160,121,82,107,86,62,13,434,183,249,5,377,211,129,21,84,142;746
160,121,82,107,86,62,13,434,183,249,5,377,211,129,21,84,142,114;720
160,121,82,107,86,62,13,434,183,249,5,377,211,129,21,84,142,114,105;723
160,121,82,107,86,62,13,434,183,249,5,377,211,129,21,84,142,114,105,282;740
